{
 "cells": [
  {
   "cell_type": "code",
   "execution_count": 92,
   "metadata": {
    "collapsed": false
   },
   "outputs": [
    {
     "data": {
      "text/html": [
       "<div>\n",
       "<style scoped>\n",
       "    .dataframe tbody tr th:only-of-type {\n",
       "        vertical-align: middle;\n",
       "    }\n",
       "\n",
       "    .dataframe tbody tr th {\n",
       "        vertical-align: top;\n",
       "    }\n",
       "\n",
       "    .dataframe thead th {\n",
       "        text-align: right;\n",
       "    }\n",
       "</style>\n",
       "<table border=\"1\" class=\"dataframe\">\n",
       "  <thead>\n",
       "    <tr style=\"text-align: right;\">\n",
       "      <th></th>\n",
       "      <th>SDH</th>\n",
       "      <th>EDH</th>\n",
       "      <th>CONT</th>\n",
       "      <th>Peric_Oedema</th>\n",
       "      <th>HYGROMA</th>\n",
       "      <th>IVH</th>\n",
       "      <th>Intracerebral_Haemorrhage</th>\n",
       "      <th>Noncont_Oedema</th>\n",
       "      <th>PNEU</th>\n",
       "      <th>Petechial_Haemorrhage</th>\n",
       "      <th>SAH</th>\n",
       "      <th>sum</th>\n",
       "      <th>TotalLesion</th>\n",
       "      <th>MLS</th>\n",
       "      <th>Oedema</th>\n",
       "      <th>others</th>\n",
       "    </tr>\n",
       "  </thead>\n",
       "  <tbody>\n",
       "    <tr>\n",
       "      <th>SDH</th>\n",
       "      <td>1.000000</td>\n",
       "      <td>-0.142245</td>\n",
       "      <td>-0.109308</td>\n",
       "      <td>-0.138596</td>\n",
       "      <td>0.051322</td>\n",
       "      <td>-0.081472</td>\n",
       "      <td>-0.069112</td>\n",
       "      <td>-0.072670</td>\n",
       "      <td>-0.033076</td>\n",
       "      <td>-0.065481</td>\n",
       "      <td>0.356473</td>\n",
       "      <td>0.659675</td>\n",
       "      <td>0.007495</td>\n",
       "      <td>0.742320</td>\n",
       "      <td>-0.144729</td>\n",
       "      <td>0.263216</td>\n",
       "    </tr>\n",
       "    <tr>\n",
       "      <th>EDH</th>\n",
       "      <td>-0.142245</td>\n",
       "      <td>1.000000</td>\n",
       "      <td>-0.155854</td>\n",
       "      <td>-0.166746</td>\n",
       "      <td>-0.042724</td>\n",
       "      <td>-0.057486</td>\n",
       "      <td>-0.042724</td>\n",
       "      <td>-0.045027</td>\n",
       "      <td>-0.048224</td>\n",
       "      <td>-0.067292</td>\n",
       "      <td>-0.104607</td>\n",
       "      <td>0.064983</td>\n",
       "      <td>-0.038573</td>\n",
       "      <td>0.143732</td>\n",
       "      <td>-0.170785</td>\n",
       "      <td>-0.119275</td>\n",
       "    </tr>\n",
       "    <tr>\n",
       "      <th>CONT</th>\n",
       "      <td>-0.109308</td>\n",
       "      <td>-0.155854</td>\n",
       "      <td>1.000000</td>\n",
       "      <td>0.715745</td>\n",
       "      <td>-0.072485</td>\n",
       "      <td>0.601030</td>\n",
       "      <td>0.194499</td>\n",
       "      <td>0.202802</td>\n",
       "      <td>-0.081981</td>\n",
       "      <td>0.418829</td>\n",
       "      <td>0.082759</td>\n",
       "      <td>0.430911</td>\n",
       "      <td>-0.047384</td>\n",
       "      <td>0.068392</td>\n",
       "      <td>0.733831</td>\n",
       "      <td>0.352900</td>\n",
       "    </tr>\n",
       "    <tr>\n",
       "      <th>Peric_Oedema</th>\n",
       "      <td>-0.138596</td>\n",
       "      <td>-0.166746</td>\n",
       "      <td>0.715745</td>\n",
       "      <td>1.000000</td>\n",
       "      <td>-0.086365</td>\n",
       "      <td>0.437446</td>\n",
       "      <td>-0.086365</td>\n",
       "      <td>-0.076745</td>\n",
       "      <td>-0.090224</td>\n",
       "      <td>0.253056</td>\n",
       "      <td>0.194688</td>\n",
       "      <td>0.390127</td>\n",
       "      <td>-0.062831</td>\n",
       "      <td>-0.131557</td>\n",
       "      <td>0.996913</td>\n",
       "      <td>0.364462</td>\n",
       "    </tr>\n",
       "    <tr>\n",
       "      <th>HYGROMA</th>\n",
       "      <td>0.051322</td>\n",
       "      <td>-0.042724</td>\n",
       "      <td>-0.072485</td>\n",
       "      <td>-0.086365</td>\n",
       "      <td>1.000000</td>\n",
       "      <td>-0.025388</td>\n",
       "      <td>-0.018868</td>\n",
       "      <td>-0.019890</td>\n",
       "      <td>-0.022337</td>\n",
       "      <td>-0.030529</td>\n",
       "      <td>-0.052088</td>\n",
       "      <td>-0.040162</td>\n",
       "      <td>-0.020758</td>\n",
       "      <td>-0.106555</td>\n",
       "      <td>-0.088187</td>\n",
       "      <td>-0.057779</td>\n",
       "    </tr>\n",
       "    <tr>\n",
       "      <th>IVH</th>\n",
       "      <td>-0.081472</td>\n",
       "      <td>-0.057486</td>\n",
       "      <td>0.601030</td>\n",
       "      <td>0.437446</td>\n",
       "      <td>-0.025388</td>\n",
       "      <td>1.000000</td>\n",
       "      <td>-0.025388</td>\n",
       "      <td>-0.026763</td>\n",
       "      <td>-0.030056</td>\n",
       "      <td>0.912882</td>\n",
       "      <td>0.051447</td>\n",
       "      <td>0.284517</td>\n",
       "      <td>-0.009907</td>\n",
       "      <td>0.118467</td>\n",
       "      <td>0.436632</td>\n",
       "      <td>0.541194</td>\n",
       "    </tr>\n",
       "    <tr>\n",
       "      <th>Intracerebral_Haemorrhage</th>\n",
       "      <td>-0.069112</td>\n",
       "      <td>-0.042724</td>\n",
       "      <td>0.194499</td>\n",
       "      <td>-0.086365</td>\n",
       "      <td>-0.018868</td>\n",
       "      <td>-0.025388</td>\n",
       "      <td>1.000000</td>\n",
       "      <td>0.998545</td>\n",
       "      <td>-0.022337</td>\n",
       "      <td>-0.030529</td>\n",
       "      <td>-0.052088</td>\n",
       "      <td>-0.017499</td>\n",
       "      <td>-0.019552</td>\n",
       "      <td>0.007794</td>\n",
       "      <td>-0.007987</td>\n",
       "      <td>-0.057779</td>\n",
       "    </tr>\n",
       "    <tr>\n",
       "      <th>Noncont_Oedema</th>\n",
       "      <td>-0.072670</td>\n",
       "      <td>-0.045027</td>\n",
       "      <td>0.202802</td>\n",
       "      <td>-0.076745</td>\n",
       "      <td>-0.019890</td>\n",
       "      <td>-0.026763</td>\n",
       "      <td>0.998545</td>\n",
       "      <td>1.000000</td>\n",
       "      <td>-0.023548</td>\n",
       "      <td>-0.032184</td>\n",
       "      <td>-0.054910</td>\n",
       "      <td>-0.015723</td>\n",
       "      <td>-0.020466</td>\n",
       "      <td>0.004658</td>\n",
       "      <td>0.001776</td>\n",
       "      <td>-0.060909</td>\n",
       "    </tr>\n",
       "    <tr>\n",
       "      <th>PNEU</th>\n",
       "      <td>-0.033076</td>\n",
       "      <td>-0.048224</td>\n",
       "      <td>-0.081981</td>\n",
       "      <td>-0.090224</td>\n",
       "      <td>-0.022337</td>\n",
       "      <td>-0.030056</td>\n",
       "      <td>-0.022337</td>\n",
       "      <td>-0.023548</td>\n",
       "      <td>1.000000</td>\n",
       "      <td>0.004106</td>\n",
       "      <td>-0.050237</td>\n",
       "      <td>0.349295</td>\n",
       "      <td>0.995635</td>\n",
       "      <td>0.322835</td>\n",
       "      <td>-0.092345</td>\n",
       "      <td>-0.053622</td>\n",
       "    </tr>\n",
       "    <tr>\n",
       "      <th>Petechial_Haemorrhage</th>\n",
       "      <td>-0.065481</td>\n",
       "      <td>-0.067292</td>\n",
       "      <td>0.418829</td>\n",
       "      <td>0.253056</td>\n",
       "      <td>-0.030529</td>\n",
       "      <td>0.912882</td>\n",
       "      <td>-0.030529</td>\n",
       "      <td>-0.032184</td>\n",
       "      <td>0.004106</td>\n",
       "      <td>1.000000</td>\n",
       "      <td>-0.020033</td>\n",
       "      <td>0.181546</td>\n",
       "      <td>0.013368</td>\n",
       "      <td>0.140579</td>\n",
       "      <td>0.251269</td>\n",
       "      <td>0.458193</td>\n",
       "    </tr>\n",
       "    <tr>\n",
       "      <th>SAH</th>\n",
       "      <td>0.356473</td>\n",
       "      <td>-0.104607</td>\n",
       "      <td>0.082759</td>\n",
       "      <td>0.194688</td>\n",
       "      <td>-0.052088</td>\n",
       "      <td>0.051447</td>\n",
       "      <td>-0.052088</td>\n",
       "      <td>-0.054910</td>\n",
       "      <td>-0.050237</td>\n",
       "      <td>-0.020033</td>\n",
       "      <td>1.000000</td>\n",
       "      <td>0.367201</td>\n",
       "      <td>-0.030879</td>\n",
       "      <td>0.214138</td>\n",
       "      <td>0.190940</td>\n",
       "      <td>0.866093</td>\n",
       "    </tr>\n",
       "    <tr>\n",
       "      <th>sum</th>\n",
       "      <td>0.659675</td>\n",
       "      <td>0.064983</td>\n",
       "      <td>0.430911</td>\n",
       "      <td>0.390127</td>\n",
       "      <td>-0.040162</td>\n",
       "      <td>0.284517</td>\n",
       "      <td>-0.017499</td>\n",
       "      <td>-0.015723</td>\n",
       "      <td>0.349295</td>\n",
       "      <td>0.181546</td>\n",
       "      <td>0.367201</td>\n",
       "      <td>1.000000</td>\n",
       "      <td>0.404772</td>\n",
       "      <td>0.771519</td>\n",
       "      <td>0.390042</td>\n",
       "      <td>0.443424</td>\n",
       "    </tr>\n",
       "    <tr>\n",
       "      <th>TotalLesion</th>\n",
       "      <td>0.007495</td>\n",
       "      <td>-0.038573</td>\n",
       "      <td>-0.047384</td>\n",
       "      <td>-0.062831</td>\n",
       "      <td>-0.020758</td>\n",
       "      <td>-0.009907</td>\n",
       "      <td>-0.019552</td>\n",
       "      <td>-0.020466</td>\n",
       "      <td>0.995635</td>\n",
       "      <td>0.013368</td>\n",
       "      <td>-0.030879</td>\n",
       "      <td>0.404772</td>\n",
       "      <td>1.000000</td>\n",
       "      <td>0.362067</td>\n",
       "      <td>-0.064628</td>\n",
       "      <td>-0.028316</td>\n",
       "    </tr>\n",
       "    <tr>\n",
       "      <th>MLS</th>\n",
       "      <td>0.742320</td>\n",
       "      <td>0.143732</td>\n",
       "      <td>0.068392</td>\n",
       "      <td>-0.131557</td>\n",
       "      <td>-0.106555</td>\n",
       "      <td>0.118467</td>\n",
       "      <td>0.007794</td>\n",
       "      <td>0.004658</td>\n",
       "      <td>0.322835</td>\n",
       "      <td>0.140579</td>\n",
       "      <td>0.214138</td>\n",
       "      <td>0.771519</td>\n",
       "      <td>0.362067</td>\n",
       "      <td>1.000000</td>\n",
       "      <td>-0.131579</td>\n",
       "      <td>0.244824</td>\n",
       "    </tr>\n",
       "    <tr>\n",
       "      <th>Oedema</th>\n",
       "      <td>-0.144729</td>\n",
       "      <td>-0.170785</td>\n",
       "      <td>0.733831</td>\n",
       "      <td>0.996913</td>\n",
       "      <td>-0.088187</td>\n",
       "      <td>0.436632</td>\n",
       "      <td>-0.007987</td>\n",
       "      <td>0.001776</td>\n",
       "      <td>-0.092345</td>\n",
       "      <td>0.251269</td>\n",
       "      <td>0.190940</td>\n",
       "      <td>0.390042</td>\n",
       "      <td>-0.064628</td>\n",
       "      <td>-0.131579</td>\n",
       "      <td>1.000000</td>\n",
       "      <td>0.360743</td>\n",
       "    </tr>\n",
       "    <tr>\n",
       "      <th>others</th>\n",
       "      <td>0.263216</td>\n",
       "      <td>-0.119275</td>\n",
       "      <td>0.352900</td>\n",
       "      <td>0.364462</td>\n",
       "      <td>-0.057779</td>\n",
       "      <td>0.541194</td>\n",
       "      <td>-0.057779</td>\n",
       "      <td>-0.060909</td>\n",
       "      <td>-0.053622</td>\n",
       "      <td>0.458193</td>\n",
       "      <td>0.866093</td>\n",
       "      <td>0.443424</td>\n",
       "      <td>-0.028316</td>\n",
       "      <td>0.244824</td>\n",
       "      <td>0.360743</td>\n",
       "      <td>1.000000</td>\n",
       "    </tr>\n",
       "  </tbody>\n",
       "</table>\n",
       "</div>"
      ],
      "text/plain": [
       "                                SDH       EDH      CONT  Peric_Oedema  \\\n",
       "SDH                        1.000000 -0.142245 -0.109308     -0.138596   \n",
       "EDH                       -0.142245  1.000000 -0.155854     -0.166746   \n",
       "CONT                      -0.109308 -0.155854  1.000000      0.715745   \n",
       "Peric_Oedema              -0.138596 -0.166746  0.715745      1.000000   \n",
       "HYGROMA                    0.051322 -0.042724 -0.072485     -0.086365   \n",
       "IVH                       -0.081472 -0.057486  0.601030      0.437446   \n",
       "Intracerebral_Haemorrhage -0.069112 -0.042724  0.194499     -0.086365   \n",
       "Noncont_Oedema            -0.072670 -0.045027  0.202802     -0.076745   \n",
       "PNEU                      -0.033076 -0.048224 -0.081981     -0.090224   \n",
       "Petechial_Haemorrhage     -0.065481 -0.067292  0.418829      0.253056   \n",
       "SAH                        0.356473 -0.104607  0.082759      0.194688   \n",
       "sum                        0.659675  0.064983  0.430911      0.390127   \n",
       "TotalLesion                0.007495 -0.038573 -0.047384     -0.062831   \n",
       "MLS                        0.742320  0.143732  0.068392     -0.131557   \n",
       "Oedema                    -0.144729 -0.170785  0.733831      0.996913   \n",
       "others                     0.263216 -0.119275  0.352900      0.364462   \n",
       "\n",
       "                            HYGROMA       IVH  Intracerebral_Haemorrhage  \\\n",
       "SDH                        0.051322 -0.081472                  -0.069112   \n",
       "EDH                       -0.042724 -0.057486                  -0.042724   \n",
       "CONT                      -0.072485  0.601030                   0.194499   \n",
       "Peric_Oedema              -0.086365  0.437446                  -0.086365   \n",
       "HYGROMA                    1.000000 -0.025388                  -0.018868   \n",
       "IVH                       -0.025388  1.000000                  -0.025388   \n",
       "Intracerebral_Haemorrhage -0.018868 -0.025388                   1.000000   \n",
       "Noncont_Oedema            -0.019890 -0.026763                   0.998545   \n",
       "PNEU                      -0.022337 -0.030056                  -0.022337   \n",
       "Petechial_Haemorrhage     -0.030529  0.912882                  -0.030529   \n",
       "SAH                       -0.052088  0.051447                  -0.052088   \n",
       "sum                       -0.040162  0.284517                  -0.017499   \n",
       "TotalLesion               -0.020758 -0.009907                  -0.019552   \n",
       "MLS                       -0.106555  0.118467                   0.007794   \n",
       "Oedema                    -0.088187  0.436632                  -0.007987   \n",
       "others                    -0.057779  0.541194                  -0.057779   \n",
       "\n",
       "                           Noncont_Oedema      PNEU  Petechial_Haemorrhage  \\\n",
       "SDH                             -0.072670 -0.033076              -0.065481   \n",
       "EDH                             -0.045027 -0.048224              -0.067292   \n",
       "CONT                             0.202802 -0.081981               0.418829   \n",
       "Peric_Oedema                    -0.076745 -0.090224               0.253056   \n",
       "HYGROMA                         -0.019890 -0.022337              -0.030529   \n",
       "IVH                             -0.026763 -0.030056               0.912882   \n",
       "Intracerebral_Haemorrhage        0.998545 -0.022337              -0.030529   \n",
       "Noncont_Oedema                   1.000000 -0.023548              -0.032184   \n",
       "PNEU                            -0.023548  1.000000               0.004106   \n",
       "Petechial_Haemorrhage           -0.032184  0.004106               1.000000   \n",
       "SAH                             -0.054910 -0.050237              -0.020033   \n",
       "sum                             -0.015723  0.349295               0.181546   \n",
       "TotalLesion                     -0.020466  0.995635               0.013368   \n",
       "MLS                              0.004658  0.322835               0.140579   \n",
       "Oedema                           0.001776 -0.092345               0.251269   \n",
       "others                          -0.060909 -0.053622               0.458193   \n",
       "\n",
       "                                SAH       sum  TotalLesion       MLS  \\\n",
       "SDH                        0.356473  0.659675     0.007495  0.742320   \n",
       "EDH                       -0.104607  0.064983    -0.038573  0.143732   \n",
       "CONT                       0.082759  0.430911    -0.047384  0.068392   \n",
       "Peric_Oedema               0.194688  0.390127    -0.062831 -0.131557   \n",
       "HYGROMA                   -0.052088 -0.040162    -0.020758 -0.106555   \n",
       "IVH                        0.051447  0.284517    -0.009907  0.118467   \n",
       "Intracerebral_Haemorrhage -0.052088 -0.017499    -0.019552  0.007794   \n",
       "Noncont_Oedema            -0.054910 -0.015723    -0.020466  0.004658   \n",
       "PNEU                      -0.050237  0.349295     0.995635  0.322835   \n",
       "Petechial_Haemorrhage     -0.020033  0.181546     0.013368  0.140579   \n",
       "SAH                        1.000000  0.367201    -0.030879  0.214138   \n",
       "sum                        0.367201  1.000000     0.404772  0.771519   \n",
       "TotalLesion               -0.030879  0.404772     1.000000  0.362067   \n",
       "MLS                        0.214138  0.771519     0.362067  1.000000   \n",
       "Oedema                     0.190940  0.390042    -0.064628 -0.131579   \n",
       "others                     0.866093  0.443424    -0.028316  0.244824   \n",
       "\n",
       "                             Oedema    others  \n",
       "SDH                       -0.144729  0.263216  \n",
       "EDH                       -0.170785 -0.119275  \n",
       "CONT                       0.733831  0.352900  \n",
       "Peric_Oedema               0.996913  0.364462  \n",
       "HYGROMA                   -0.088187 -0.057779  \n",
       "IVH                        0.436632  0.541194  \n",
       "Intracerebral_Haemorrhage -0.007987 -0.057779  \n",
       "Noncont_Oedema             0.001776 -0.060909  \n",
       "PNEU                      -0.092345 -0.053622  \n",
       "Petechial_Haemorrhage      0.251269  0.458193  \n",
       "SAH                        0.190940  0.866093  \n",
       "sum                        0.390042  0.443424  \n",
       "TotalLesion               -0.064628 -0.028316  \n",
       "MLS                       -0.131579  0.244824  \n",
       "Oedema                     1.000000  0.360743  \n",
       "others                     0.360743  1.000000  "
      ]
     },
     "execution_count": 92,
     "metadata": {},
     "output_type": "execute_result"
    }
   ],
   "source": [
    "import pandas as pd\n",
    "import numpy as np\n",
    "import matplotlib.pyplot as plt\n",
    "\n",
    "# df = pd.read_csv('/Volumes/FAIR/DC-Image-Analysis/DC-project-master/cleancode/NewMidplane/summary/SDH.csv',index_col=0)\n",
    "# df = pd.read_csv('/Volumes/FAIR/DC-Image-Analysis/DC-project-master/cleancode/NewMidplane/summary/EDH1_9summary.csv',index_col=0)\n",
    "# df = pd.read_csv('/Volumes/FAIR/DC-Image-Analysis/DC-project-master/cleancode/NewMidplane/summary/CONT1_7summary.csv',index_col=0)\n",
    "\n",
    "# df = pd.read_csv('/Volumes/FAIR/DC-Image-Analysis/DC-project-master/cleancode/NewMidplane/summary/CONT.csv',index_col=0)\n",
    "# df = pd.read_csv('/Volumes/FAIR/DC-Image-Analysis/DC-project-master/cleancode/NewMidplane/summary/EDH1_9new.csv')\n",
    "# df = pd.read_csv('/Volumes/FAIR/DC-Image-Analysis/DC-project-master/cleancode/NewMidplane/summary/SDH1_14new.csv')\n",
    "\n",
    "# df = pd.read_csv('/Volumes/FAIR/DC-Image-Analysis/DC-project-master/cleancode/NewMidplane/summary/SDH16_28new.csv')\n",
    "# df = pd.read_csv('/Volumes/FAIR/DC-Image-Analysis/DC-project-master/cleancode/NewMidplane/summary/summary.csv')\n",
    "# df = pd.read_csv('/Volumes/FAIR/DC-Image-Analysis/DC-project-master/cleancode/NewMidplane/summary/CONT1_7new.csv')\n",
    "df = pd.read_csv('/Users/fair00542/Desktop/lesion_unsigned.csv',index_col='caseID')\n",
    "# df.set_index('caseID')\n",
    "\n",
    "# index = df['V_SDH']>1.5*np.abs((df['V_EDH']+df['V_OEDEMA']+df['V_SAH']+df['V_PNEU']))\n",
    "# index = df['V_SDH'] < 100.0\n",
    "# SDH_dominated = df[index]\n",
    "\n",
    "\n",
    "df = df.fillna(0)\n",
    "\n",
    "df['SDH'] = df['acute_SDH'] + df['subacute_SDH'] + df['SDH'] + df['HYGROMA']\n",
    "# The bifrontal Hygroma in SDH1 considered as chronic SDH\n",
    "df['CONT'] = df['Intracerebral_Haemorrhage'] + df['CONT']\n",
    "df['Oedema'] = df['Peric_Oedema'] + df['Noncont_Oedema']\n",
    "df['others'] = df['Petechial_Haemorrhage'] + df['IVH'] + df['SAH']\n",
    "\n",
    "df = df.drop(['acute_SDH','subacute_SDH'],axis=1)\n",
    "\n",
    "\n",
    "kk = df.corr(method = 'pearson',min_periods = 5).columns\n",
    "df.corr(method = 'pearson',min_periods = 5)"
   ]
  },
  {
   "cell_type": "code",
   "execution_count": 76,
   "metadata": {
    "collapsed": false
   },
   "outputs": [],
   "source": [
    "bilateral_cases = ['CONT3','CONT4','CONT11','CONT15','CONT16','CONT19','CONT2',\n",
    "                  'EDH5','SDH10','SDH1','SDH11','SDH26']\n",
    "unilate = df.drop(bilateral_cases)"
   ]
  },
  {
   "cell_type": "code",
   "execution_count": 77,
   "metadata": {
    "collapsed": false
   },
   "outputs": [],
   "source": [
    "import statsmodels.api as sm\n",
    "# df['SAHCONT'] = df['V_SAH']+df['V_CONT']\n",
    "# indx = [0,2,3,4,6,7,10,11,12]"
   ]
  },
  {
   "cell_type": "code",
   "execution_count": 78,
   "metadata": {
    "collapsed": false
   },
   "outputs": [
    {
     "data": {
      "text/html": [
       "<div>\n",
       "<style scoped>\n",
       "    .dataframe tbody tr th:only-of-type {\n",
       "        vertical-align: middle;\n",
       "    }\n",
       "\n",
       "    .dataframe tbody tr th {\n",
       "        vertical-align: top;\n",
       "    }\n",
       "\n",
       "    .dataframe thead th {\n",
       "        text-align: right;\n",
       "    }\n",
       "</style>\n",
       "<table border=\"1\" class=\"dataframe\">\n",
       "  <thead>\n",
       "    <tr style=\"text-align: right;\">\n",
       "      <th></th>\n",
       "      <th>SDH</th>\n",
       "      <th>EDH</th>\n",
       "      <th>CONT</th>\n",
       "      <th>Peric_Oedema</th>\n",
       "      <th>HYGROMA</th>\n",
       "      <th>IVH</th>\n",
       "      <th>Intracerebral_Haemorrhage</th>\n",
       "      <th>Noncont_Oedema</th>\n",
       "      <th>PNEU</th>\n",
       "      <th>Petechial_Haemorrhage</th>\n",
       "      <th>SAH</th>\n",
       "      <th>sum</th>\n",
       "      <th>TotalLesion</th>\n",
       "      <th>MLS</th>\n",
       "      <th>Oedema</th>\n",
       "      <th>others</th>\n",
       "    </tr>\n",
       "  </thead>\n",
       "  <tbody>\n",
       "    <tr>\n",
       "      <th>SDH</th>\n",
       "      <td>1.000000</td>\n",
       "      <td>-0.157065</td>\n",
       "      <td>-0.073848</td>\n",
       "      <td>-0.086706</td>\n",
       "      <td>NaN</td>\n",
       "      <td>-0.082445</td>\n",
       "      <td>-0.077262</td>\n",
       "      <td>-0.077308</td>\n",
       "      <td>-0.041631</td>\n",
       "      <td>-0.076523</td>\n",
       "      <td>0.392521</td>\n",
       "      <td>0.725108</td>\n",
       "      <td>0.001518</td>\n",
       "      <td>0.758479</td>\n",
       "      <td>-0.095994</td>\n",
       "      <td>0.288059</td>\n",
       "    </tr>\n",
       "    <tr>\n",
       "      <th>EDH</th>\n",
       "      <td>-0.157065</td>\n",
       "      <td>1.000000</td>\n",
       "      <td>-0.150390</td>\n",
       "      <td>-0.166298</td>\n",
       "      <td>NaN</td>\n",
       "      <td>-0.062118</td>\n",
       "      <td>-0.050872</td>\n",
       "      <td>-0.050894</td>\n",
       "      <td>-0.056913</td>\n",
       "      <td>-0.078821</td>\n",
       "      <td>-0.098545</td>\n",
       "      <td>0.079459</td>\n",
       "      <td>-0.046101</td>\n",
       "      <td>0.132260</td>\n",
       "      <td>-0.172903</td>\n",
       "      <td>-0.117841</td>\n",
       "    </tr>\n",
       "    <tr>\n",
       "      <th>CONT</th>\n",
       "      <td>-0.073848</td>\n",
       "      <td>-0.150390</td>\n",
       "      <td>1.000000</td>\n",
       "      <td>0.610473</td>\n",
       "      <td>NaN</td>\n",
       "      <td>0.654346</td>\n",
       "      <td>0.241201</td>\n",
       "      <td>0.241287</td>\n",
       "      <td>-0.083650</td>\n",
       "      <td>0.516828</td>\n",
       "      <td>-0.002863</td>\n",
       "      <td>0.331759</td>\n",
       "      <td>-0.056106</td>\n",
       "      <td>0.121953</td>\n",
       "      <td>0.640987</td>\n",
       "      <td>0.323566</td>\n",
       "    </tr>\n",
       "    <tr>\n",
       "      <th>Peric_Oedema</th>\n",
       "      <td>-0.086706</td>\n",
       "      <td>-0.166298</td>\n",
       "      <td>0.610473</td>\n",
       "      <td>1.000000</td>\n",
       "      <td>NaN</td>\n",
       "      <td>0.560269</td>\n",
       "      <td>-0.096309</td>\n",
       "      <td>-0.096170</td>\n",
       "      <td>-0.099319</td>\n",
       "      <td>0.412212</td>\n",
       "      <td>0.121369</td>\n",
       "      <td>0.274906</td>\n",
       "      <td>-0.079010</td>\n",
       "      <td>-0.102656</td>\n",
       "      <td>0.993414</td>\n",
       "      <td>0.377377</td>\n",
       "    </tr>\n",
       "    <tr>\n",
       "      <th>HYGROMA</th>\n",
       "      <td>NaN</td>\n",
       "      <td>NaN</td>\n",
       "      <td>NaN</td>\n",
       "      <td>NaN</td>\n",
       "      <td>NaN</td>\n",
       "      <td>NaN</td>\n",
       "      <td>NaN</td>\n",
       "      <td>NaN</td>\n",
       "      <td>NaN</td>\n",
       "      <td>NaN</td>\n",
       "      <td>NaN</td>\n",
       "      <td>NaN</td>\n",
       "      <td>NaN</td>\n",
       "      <td>NaN</td>\n",
       "      <td>NaN</td>\n",
       "      <td>NaN</td>\n",
       "    </tr>\n",
       "    <tr>\n",
       "      <th>IVH</th>\n",
       "      <td>-0.082445</td>\n",
       "      <td>-0.062118</td>\n",
       "      <td>0.654346</td>\n",
       "      <td>0.560269</td>\n",
       "      <td>NaN</td>\n",
       "      <td>1.000000</td>\n",
       "      <td>-0.029782</td>\n",
       "      <td>-0.029803</td>\n",
       "      <td>-0.034712</td>\n",
       "      <td>0.922333</td>\n",
       "      <td>0.037005</td>\n",
       "      <td>0.264226</td>\n",
       "      <td>-0.016219</td>\n",
       "      <td>0.110184</td>\n",
       "      <td>0.559351</td>\n",
       "      <td>0.546668</td>\n",
       "    </tr>\n",
       "    <tr>\n",
       "      <th>Intracerebral_Haemorrhage</th>\n",
       "      <td>-0.077262</td>\n",
       "      <td>-0.050872</td>\n",
       "      <td>0.241201</td>\n",
       "      <td>-0.096309</td>\n",
       "      <td>NaN</td>\n",
       "      <td>-0.029782</td>\n",
       "      <td>1.000000</td>\n",
       "      <td>1.000000</td>\n",
       "      <td>-0.028427</td>\n",
       "      <td>-0.038692</td>\n",
       "      <td>-0.049664</td>\n",
       "      <td>-0.018687</td>\n",
       "      <td>-0.025000</td>\n",
       "      <td>-0.012066</td>\n",
       "      <td>0.018376</td>\n",
       "      <td>-0.058652</td>\n",
       "    </tr>\n",
       "    <tr>\n",
       "      <th>Noncont_Oedema</th>\n",
       "      <td>-0.077308</td>\n",
       "      <td>-0.050894</td>\n",
       "      <td>0.241287</td>\n",
       "      <td>-0.096170</td>\n",
       "      <td>NaN</td>\n",
       "      <td>-0.029803</td>\n",
       "      <td>1.000000</td>\n",
       "      <td>1.000000</td>\n",
       "      <td>-0.028446</td>\n",
       "      <td>-0.038719</td>\n",
       "      <td>-0.049697</td>\n",
       "      <td>-0.018684</td>\n",
       "      <td>-0.025016</td>\n",
       "      <td>-0.012078</td>\n",
       "      <td>0.018515</td>\n",
       "      <td>-0.058692</td>\n",
       "    </tr>\n",
       "    <tr>\n",
       "      <th>PNEU</th>\n",
       "      <td>-0.041631</td>\n",
       "      <td>-0.056913</td>\n",
       "      <td>-0.083650</td>\n",
       "      <td>-0.099319</td>\n",
       "      <td>NaN</td>\n",
       "      <td>-0.034712</td>\n",
       "      <td>-0.028427</td>\n",
       "      <td>-0.028446</td>\n",
       "      <td>1.000000</td>\n",
       "      <td>-0.004885</td>\n",
       "      <td>-0.046611</td>\n",
       "      <td>0.375241</td>\n",
       "      <td>0.995887</td>\n",
       "      <td>0.315054</td>\n",
       "      <td>-0.103039</td>\n",
       "      <td>-0.053607</td>\n",
       "    </tr>\n",
       "    <tr>\n",
       "      <th>Petechial_Haemorrhage</th>\n",
       "      <td>-0.076523</td>\n",
       "      <td>-0.078821</td>\n",
       "      <td>0.516828</td>\n",
       "      <td>0.412212</td>\n",
       "      <td>NaN</td>\n",
       "      <td>0.922333</td>\n",
       "      <td>-0.038692</td>\n",
       "      <td>-0.038719</td>\n",
       "      <td>-0.004885</td>\n",
       "      <td>1.000000</td>\n",
       "      <td>-0.010811</td>\n",
       "      <td>0.195841</td>\n",
       "      <td>0.005730</td>\n",
       "      <td>0.117071</td>\n",
       "      <td>0.409603</td>\n",
       "      <td>0.485878</td>\n",
       "    </tr>\n",
       "    <tr>\n",
       "      <th>SAH</th>\n",
       "      <td>0.392521</td>\n",
       "      <td>-0.098545</td>\n",
       "      <td>-0.002863</td>\n",
       "      <td>0.121369</td>\n",
       "      <td>NaN</td>\n",
       "      <td>0.037005</td>\n",
       "      <td>-0.049664</td>\n",
       "      <td>-0.049697</td>\n",
       "      <td>-0.046611</td>\n",
       "      <td>-0.010811</td>\n",
       "      <td>1.000000</td>\n",
       "      <td>0.347402</td>\n",
       "      <td>-0.030669</td>\n",
       "      <td>0.250687</td>\n",
       "      <td>0.116192</td>\n",
       "      <td>0.855502</td>\n",
       "    </tr>\n",
       "    <tr>\n",
       "      <th>sum</th>\n",
       "      <td>0.725108</td>\n",
       "      <td>0.079459</td>\n",
       "      <td>0.331759</td>\n",
       "      <td>0.274906</td>\n",
       "      <td>NaN</td>\n",
       "      <td>0.264226</td>\n",
       "      <td>-0.018687</td>\n",
       "      <td>-0.018684</td>\n",
       "      <td>0.375241</td>\n",
       "      <td>0.195841</td>\n",
       "      <td>0.347402</td>\n",
       "      <td>1.000000</td>\n",
       "      <td>0.427324</td>\n",
       "      <td>0.851295</td>\n",
       "      <td>0.273988</td>\n",
       "      <td>0.422567</td>\n",
       "    </tr>\n",
       "    <tr>\n",
       "      <th>TotalLesion</th>\n",
       "      <td>0.001518</td>\n",
       "      <td>-0.046101</td>\n",
       "      <td>-0.056106</td>\n",
       "      <td>-0.079010</td>\n",
       "      <td>NaN</td>\n",
       "      <td>-0.016219</td>\n",
       "      <td>-0.025000</td>\n",
       "      <td>-0.025016</td>\n",
       "      <td>0.995887</td>\n",
       "      <td>0.005730</td>\n",
       "      <td>-0.030669</td>\n",
       "      <td>0.427324</td>\n",
       "      <td>1.000000</td>\n",
       "      <td>0.358506</td>\n",
       "      <td>-0.082244</td>\n",
       "      <td>-0.031488</td>\n",
       "    </tr>\n",
       "    <tr>\n",
       "      <th>MLS</th>\n",
       "      <td>0.758479</td>\n",
       "      <td>0.132260</td>\n",
       "      <td>0.121953</td>\n",
       "      <td>-0.102656</td>\n",
       "      <td>NaN</td>\n",
       "      <td>0.110184</td>\n",
       "      <td>-0.012066</td>\n",
       "      <td>-0.012078</td>\n",
       "      <td>0.315054</td>\n",
       "      <td>0.117071</td>\n",
       "      <td>0.250687</td>\n",
       "      <td>0.851295</td>\n",
       "      <td>0.358506</td>\n",
       "      <td>1.000000</td>\n",
       "      <td>-0.104507</td>\n",
       "      <td>0.269974</td>\n",
       "    </tr>\n",
       "    <tr>\n",
       "      <th>Oedema</th>\n",
       "      <td>-0.095994</td>\n",
       "      <td>-0.172903</td>\n",
       "      <td>0.640987</td>\n",
       "      <td>0.993414</td>\n",
       "      <td>NaN</td>\n",
       "      <td>0.559351</td>\n",
       "      <td>0.018376</td>\n",
       "      <td>0.018515</td>\n",
       "      <td>-0.103039</td>\n",
       "      <td>0.409603</td>\n",
       "      <td>0.116192</td>\n",
       "      <td>0.273988</td>\n",
       "      <td>-0.082244</td>\n",
       "      <td>-0.104507</td>\n",
       "      <td>1.000000</td>\n",
       "      <td>0.372313</td>\n",
       "    </tr>\n",
       "    <tr>\n",
       "      <th>others</th>\n",
       "      <td>0.288059</td>\n",
       "      <td>-0.117841</td>\n",
       "      <td>0.323566</td>\n",
       "      <td>0.377377</td>\n",
       "      <td>NaN</td>\n",
       "      <td>0.546668</td>\n",
       "      <td>-0.058652</td>\n",
       "      <td>-0.058692</td>\n",
       "      <td>-0.053607</td>\n",
       "      <td>0.485878</td>\n",
       "      <td>0.855502</td>\n",
       "      <td>0.422567</td>\n",
       "      <td>-0.031488</td>\n",
       "      <td>0.269974</td>\n",
       "      <td>0.372313</td>\n",
       "      <td>1.000000</td>\n",
       "    </tr>\n",
       "  </tbody>\n",
       "</table>\n",
       "</div>"
      ],
      "text/plain": [
       "                                SDH       EDH      CONT  Peric_Oedema  \\\n",
       "SDH                        1.000000 -0.157065 -0.073848     -0.086706   \n",
       "EDH                       -0.157065  1.000000 -0.150390     -0.166298   \n",
       "CONT                      -0.073848 -0.150390  1.000000      0.610473   \n",
       "Peric_Oedema              -0.086706 -0.166298  0.610473      1.000000   \n",
       "HYGROMA                         NaN       NaN       NaN           NaN   \n",
       "IVH                       -0.082445 -0.062118  0.654346      0.560269   \n",
       "Intracerebral_Haemorrhage -0.077262 -0.050872  0.241201     -0.096309   \n",
       "Noncont_Oedema            -0.077308 -0.050894  0.241287     -0.096170   \n",
       "PNEU                      -0.041631 -0.056913 -0.083650     -0.099319   \n",
       "Petechial_Haemorrhage     -0.076523 -0.078821  0.516828      0.412212   \n",
       "SAH                        0.392521 -0.098545 -0.002863      0.121369   \n",
       "sum                        0.725108  0.079459  0.331759      0.274906   \n",
       "TotalLesion                0.001518 -0.046101 -0.056106     -0.079010   \n",
       "MLS                        0.758479  0.132260  0.121953     -0.102656   \n",
       "Oedema                    -0.095994 -0.172903  0.640987      0.993414   \n",
       "others                     0.288059 -0.117841  0.323566      0.377377   \n",
       "\n",
       "                           HYGROMA       IVH  Intracerebral_Haemorrhage  \\\n",
       "SDH                            NaN -0.082445                  -0.077262   \n",
       "EDH                            NaN -0.062118                  -0.050872   \n",
       "CONT                           NaN  0.654346                   0.241201   \n",
       "Peric_Oedema                   NaN  0.560269                  -0.096309   \n",
       "HYGROMA                        NaN       NaN                        NaN   \n",
       "IVH                            NaN  1.000000                  -0.029782   \n",
       "Intracerebral_Haemorrhage      NaN -0.029782                   1.000000   \n",
       "Noncont_Oedema                 NaN -0.029803                   1.000000   \n",
       "PNEU                           NaN -0.034712                  -0.028427   \n",
       "Petechial_Haemorrhage          NaN  0.922333                  -0.038692   \n",
       "SAH                            NaN  0.037005                  -0.049664   \n",
       "sum                            NaN  0.264226                  -0.018687   \n",
       "TotalLesion                    NaN -0.016219                  -0.025000   \n",
       "MLS                            NaN  0.110184                  -0.012066   \n",
       "Oedema                         NaN  0.559351                   0.018376   \n",
       "others                         NaN  0.546668                  -0.058652   \n",
       "\n",
       "                           Noncont_Oedema      PNEU  Petechial_Haemorrhage  \\\n",
       "SDH                             -0.077308 -0.041631              -0.076523   \n",
       "EDH                             -0.050894 -0.056913              -0.078821   \n",
       "CONT                             0.241287 -0.083650               0.516828   \n",
       "Peric_Oedema                    -0.096170 -0.099319               0.412212   \n",
       "HYGROMA                               NaN       NaN                    NaN   \n",
       "IVH                             -0.029803 -0.034712               0.922333   \n",
       "Intracerebral_Haemorrhage        1.000000 -0.028427              -0.038692   \n",
       "Noncont_Oedema                   1.000000 -0.028446              -0.038719   \n",
       "PNEU                            -0.028446  1.000000              -0.004885   \n",
       "Petechial_Haemorrhage           -0.038719 -0.004885               1.000000   \n",
       "SAH                             -0.049697 -0.046611              -0.010811   \n",
       "sum                             -0.018684  0.375241               0.195841   \n",
       "TotalLesion                     -0.025016  0.995887               0.005730   \n",
       "MLS                             -0.012078  0.315054               0.117071   \n",
       "Oedema                           0.018515 -0.103039               0.409603   \n",
       "others                          -0.058692 -0.053607               0.485878   \n",
       "\n",
       "                                SAH       sum  TotalLesion       MLS  \\\n",
       "SDH                        0.392521  0.725108     0.001518  0.758479   \n",
       "EDH                       -0.098545  0.079459    -0.046101  0.132260   \n",
       "CONT                      -0.002863  0.331759    -0.056106  0.121953   \n",
       "Peric_Oedema               0.121369  0.274906    -0.079010 -0.102656   \n",
       "HYGROMA                         NaN       NaN          NaN       NaN   \n",
       "IVH                        0.037005  0.264226    -0.016219  0.110184   \n",
       "Intracerebral_Haemorrhage -0.049664 -0.018687    -0.025000 -0.012066   \n",
       "Noncont_Oedema            -0.049697 -0.018684    -0.025016 -0.012078   \n",
       "PNEU                      -0.046611  0.375241     0.995887  0.315054   \n",
       "Petechial_Haemorrhage     -0.010811  0.195841     0.005730  0.117071   \n",
       "SAH                        1.000000  0.347402    -0.030669  0.250687   \n",
       "sum                        0.347402  1.000000     0.427324  0.851295   \n",
       "TotalLesion               -0.030669  0.427324     1.000000  0.358506   \n",
       "MLS                        0.250687  0.851295     0.358506  1.000000   \n",
       "Oedema                     0.116192  0.273988    -0.082244 -0.104507   \n",
       "others                     0.855502  0.422567    -0.031488  0.269974   \n",
       "\n",
       "                             Oedema    others  \n",
       "SDH                       -0.095994  0.288059  \n",
